174.28
183.64
145.51
143.77
110.75
189.55
155.09
183.75
148.47
139.66
163.33
136.15
196.00
139.52
113.48
112.95
198.69
138.66
113.28
116.96
173.93
199.55
154.83
199.46
186.25
145.27
142.67
192.19
169.70
106.03
127.63
118.03
164.07
137.88
123.36
170.90
156.04
131.58
177.53
182.51
107.01
164.28
180.18
161.43
104.98
172.10
118.19
197.96
199.61
137.98
126.57
177.51
166.83
195.82
144.73
134.57
102.05
149.13
159.42
109.47
159.58
190.81
104.14
141.20
140.03
188.83
189.97
140.63
176.91
172.10
162.17
140.87
189.29
110.71
112.83
113.87
148.09
134.88
131.21
175.93
150.36
178.58
139.96
178.51
107.86
165.01
148.41
195.44
134.42
173.90
151.69
172.63
159.62
143.26
118.78
102.40
105.83
162.08
141.60
120.76
